0 0.500000 0.481750 1.000000 0.963500
0 0.698000 0.012500 0.564889 0.025000
0 0.951778 0.698250 0.096444 0.030500
0 0.861778 0.738625 0.037333 0.043750
0 0.050889 0.658250 0.070667 0.024000
0 0.035778 0.171625 0.071556 0.020750
0 0.972222 0.744000 0.034222 0.039500
0 0.921333 0.730500 0.036444 0.042000
0 0.901111 0.988750 0.109778 0.022500
0 0.975111 0.467375 0.034667 0.018250
0 0.970889 0.601000 0.034222 0.018000
0 0.913778 0.598625 0.032889 0.017750
0 0.864000 0.006625 0.134222 0.013250
0 0.688000 0.015375 0.070222 0.010750
