0 0.500000 0.500000 1.000000 1.000000
0 0.800000 0.621701 0.106173 0.057986
0 0.141358 0.577604 0.054321 0.036458
0 0.095988 0.961111 0.187037 0.077778
0 0.040741 0.748785 0.081481 0.088542
0 0.149691 0.607292 0.048765 0.038889
0 0.131173 0.553299 0.052469 0.031597
0 0.020988 0.854167 0.041975 0.051389
0 0.947222 0.379514 0.105556 0.023611
0 0.056173 0.897222 0.112346 0.067361
0 0.645370 0.009375 0.075926 0.012500
0 0.564815 0.668403 0.048148 0.023611
0 0.530864 0.016146 0.044444 0.032292
0 0.347840 0.644444 0.031481 0.016667
0 0.265123 0.971181 0.088272 0.057639
